kinect2_link_pitch_joint: 0.01908761164768095
kinect2_link_roll_joint: -0.008414048721200254
kinect2_link_x_joint: 0.01149482947299544
kinect2_link_y_joint: -0.06338666340032206
kinect2_link_yaw_joint: 0.01741694384297983
kinect2_link_z_joint: -0.01641408752693281
target_frame_pitch_joint: 9.867581111056363e-05
target_frame_roll_joint: 0.0006733144227238164
target_frame_x_joint: 0.9497858083289116
target_frame_y_joint: 0.06128202159769066
target_frame_yaw_joint: -1.578833395553462
target_frame_z_joint: 0.006592968369749905